00000000000000000000000000000000000000000000000000000000000000000000000000000000
00000000000000000000000000000000000000000000000000000000000000000000000000000000
00000000000000000000000000000000000000000000000000000000000000000000000000000000
00000000000000000000000000000000000000000000000000000000000000000000000000000000
00000000000000000000000000000000000000000000000000000000000000000000000000000000
00000000000000000000000000000000000000000000000000000000000000000000000000000000
00000000000000000000000000000000000000000000000000000000000000000000000000000000
00000000000000000000000000000000000000000000000000000000000000000000000000000000
00100000010010001100111111001111111001111110011110000000110000001110000111111000
00110000111111001100111111001111111001111110011111100001111000011111101111111000
00110000110111001100111111001111111001111110011111110001111000111111101111111000
00110110110111001100001100000011100001100000011001110001111000111000001110000000
00110110110111111100001100000011100001111110011001110011111000110000001111110000
00111111110111111100001100000011100001111110011111100011011100110111101111111000
00111111110111111100001100000011100001111110011111000011111100110111101111111000
00011111110111001100001100000011100001100000011011100111111100110001101110000000
00011101110111001100001100000011100001100000011001110111111100111001101110000000
00011101110111001100111111000011100001111110011001110110001110111111101111111000
00011001110111001100111111000011100001111110011000111110001110011111101111111000
00000000000000000000000000000000000000000000000000000000000000000000000000000000
00000000000000000000000000000000000000000000000000000000000000000000000000000000
00000000000000000000000000000000000000000000000000000000000000000000000000000000
00000000000000000000000000000000000000000000000000000000000000000000000000000000
00000000000000000000000000000000000000000000000000000000000000000000000000000000
00000000000000000000000000000000000000000000000000000000000000000000000000000000
